15-Puzzle initial state:
[ 1  2  4  8  5  7 11 10 13 15  0  3 14  6  9 12]

Move: 1 
[ 1  2  4  8  5  7 11 10 13  0 15  3 14  6  9 12] 
Move: 2 
[ 1  2  4  8  5  7 11 10 13  6 15  3 14  0  9 12] 
Move: 3 
[ 1  2  4  8  5  7 11 10 13  6 15  3 14  9  0 12] 
Move: 4 
[ 1  2  4  8  5  7 11 10 13  6  0  3 14  9 15 12] 
Move: 5 
[ 1  2  4  8  5  7  0 10 13  6 11  3 14  9 15 12] 
Move: 6 
[ 1  2  4  8  5  7 10  0 13  6 11  3 14  9 15 12] 
Move: 7 
[ 1  2  4  8  5  7 10  3 13  6 11  0 14  9 15 12] 
Move: 8 
[ 1  2  4  8  5  7 10  3 13  6  0 11 14  9 15 12] 
Move: 9 
[ 1  2  4  8  5  7  0  3 13  6 10 11 14  9 15 12] 
Move: 10 
[ 1  2  4  8  5  7  3  0 13  6 10 11 14  9 15 12] 
Move: 11 
[ 1  2  4  0  5  7  3  8 13  6 10 11 14  9 15 12] 
Move: 12 
[ 1  2  0  4  5  7  3  8 13  6 10 11 14  9 15 12] 
Move: 13 
[ 1  2  3  4  5  7  0  8 13  6 10 11 14  9 15 12] 
Move: 14 
[ 1  2  3  4  5  0  7  8 13  6 10 11 14  9 15 12] 
Move: 15 
[ 1  2  3  4  5  6  7  8 13  0 10 11 14  9 15 12] 
Move: 16 
[ 1  2  3  4  5  6  7  8 13  9 10 11 14  0 15 12] 
Move: 17 
[ 1  2  3  4  5  6  7  8 13  9 10 11  0 14 15 12] 
Move: 18 
[ 1  2  3  4  5  6  7  8  0  9 10 11 13 14 15 12] 
Move: 19 
[ 1  2  3  4  5  6  7  8  9  0 10 11 13 14 15 12] 
Move: 20 
[ 1  2  3  4  5  6  7  8  9 10  0 11 13 14 15 12] 
Move: 21 
[ 1  2  3  4  5  6  7  8  9 10 11  0 13 14 15 12] 
Move: 22 
[ 1  2  3  4  5  6  7  8  9 10 11 12 13 14 15  0] 
Test 1, Total Step 22 
Used Time 0.001297 sec
Expanded 103 nodes

