初始状态 1:
 1  2  4  8
 5  7 11 10
13 15  0  3
14  6  9 12

正在使用IDA*算法求解...
IDA*算法求解成功！
路径长度: 22
展开节点数: 146
运行时间: 0.0秒
路径： [15, 6, 9, 15, 3, 10, 11, 3, 10, 11, 8, 4, 3, 
7, 6, 9, 14, 13, 9, 10, 11, 12]

初始状态 2:
14 10  6  0
 4  9  1  8
 2  3  5 11
12 13  7 15

正在使用IDA*算法求解...
IDA*算法求解成功！
路径长度: 49
展开节点数: 994036
运行时间: 8.414275407791138秒
路径： [6, 10, 9, 4, 14, 9, 4, 1, 10, 4, 1, 3, 2, 14, 
9, 1, 3, 2, 5, 11, 8, 6, 4, 3, 2, 5, 13, 12, 14, 13, 
12, 7, 11, 12, 7, 14, 13, 9, 5, 10, 6, 8, 12, 7, 10, 
6, 7, 11, 15]

初始状态 3:
 5  1  3  4
 2  7  8 12
 9  6 11 15
 0 13 10 14

正在使用IDA*算法求解...
IDA*算法求解成功！
路径长度: 15
展开节点数: 22
运行时间: 0.0秒
路径： [13, 10, 14, 15, 12, 8, 7, 2, 5, 1, 2, 6, 10, 
14, 15]

初始状态 4:
 6 10  3 15
14  8  7 11
 5  1  0  2
13 12  9  4

正在使用IDA*算法求解...
IDA*算法求解成功！
路径长度: 48
展开节点数: 5672571
运行时间: 45.42460799217224秒
路径： [9, 12, 13, 5, 1, 9, 7, 11, 2, 4, 12, 13, 9, 
7, 11, 2, 15, 3, 2, 15, 4, 11, 15, 8, 14, 1, 5, 9, 
13, 15, 7, 14, 10, 6, 1, 5, 9, 13, 14, 10, 6, 2, 3, 
4, 8, 7, 11, 12]

初始状态 5:
11  3  1  7
 4  6  8  2
15  9 10 13
14 12  5  0

正在使用IDA*算法求解...
IDA*算法求解成功！
路径长度: 56
展开节点数: 37074211
运行时间: 292.89499258995056秒
路径： [5, 12, 9, 10, 13, 5, 12, 13, 5, 2, 8, 6, 3, 
1, 6, 3, 4, 11, 1, 4, 10, 5, 2, 8, 3, 10, 5, 15, 11, 
5, 10, 2, 15, 11, 14, 9, 13, 15, 11, 14, 9, 13, 14, 
10, 2, 6, 4, 2, 6, 3, 7, 4, 3, 7, 8, 12]

初始状态 6:
 0  5 15 14
 7  9  6 13
 1  2 12 10
 8 11  4  3

正在使用IDA*算法求解...
IDA*算法求解成功！
路径长度: 62
展开节点数: 126251477
运行时间: 967.5208654403687秒
路径： [7, 9, 2, 1, 9, 2, 5, 7, 2, 5, 1, 11, 8, 9, 
5, 1, 6, 12, 10, 3, 4, 8, 11, 10, 12, 13, 3, 4, 8, 
12, 13, 15, 14, 3, 4, 8, 12, 13, 15, 14, 7, 2, 1, 
5, 10, 11, 13, 15, 14, 7, 3, 4, 8, 12, 15, 14, 11, 
10, 9, 13, 14, 15]

