初始状态 1:
 1  2  4  8
 5  7 11 10
13 15  0  3
14  6  9 12

正在使用A*算法求解...
A*算法求解成功！
路径长度: 22
展开节点数: 89
运行时间: 0.0秒
路径： [15, 6, 9, 15, 3, 10, 11, 3, 10, 11, 8, 4, 3, 7, 6, 9, 14, 13, 9, 10, 11, 12]

初始状态 2:
14 10  6  0
 4  9  1  8
 2  3  5 11
12 13  7 15

正在使用A*算法求解...
A*算法求解成功！
路径长度: 49
展开节点数: 438512
运行时间: 3.5251426696777344秒
路径： [6, 10, 9, 4, 14, 9, 4, 1, 10, 4, 1, 3, 2, 14, 9, 1, 3, 2, 5, 11, 8, 6, 4, 3, 2, 5, 13, 12, 14, 13, 12, 7, 11, 12, 7, 14, 13, 9, 5, 10, 6, 8, 12, 7, 10, 6, 7, 11, 15]

初始状态 3:
 5  1  3  4
 2  7  8 12
 9  6 11 15
 0 13 10 14

正在使用A*算法求解...
A*算法求解成功！
路径长度: 15
展开节点数: 15
运行时间: 0.0秒
路径： [13, 10, 14, 15, 12, 8, 7, 2, 5, 1, 2, 6, 10, 14, 15]

初始状态 4:
 6 10  3 15
14  8  7 11
 5  1  0  2
13 12  9  4

正在使用A*算法求解...
A*算法求解成功！
路径长度: 48
展开节点数: 2571730
运行时间: 21.80854630470276秒
路径： [9, 12, 13, 5, 1, 9, 7, 11, 2, 4, 12, 13, 9, 7, 11, 2, 15, 3, 2, 15, 4, 11, 15, 8, 14, 1, 5, 9, 13, 15, 7, 14, 10, 6, 1, 5, 9, 13, 14, 10, 6, 2, 3, 4, 8, 7, 11, 12]

初始状态 5:
11  3  1  7
 4  6  8  2
15  9 10 13
14 12  5  0

正在使用A*算法求解...
【超过半小时……】

初始状态 6:
 0  5 15 14
 7  9  6 13
 1  2 12 10
 8 11  4  3

正在使用A*算法求解...
【超过半小时……】